0,514
0,513
0,474
33,38
33,37
33,36
40,35
3,2
3,1
3,3
10,257
10,111
10,123
10,269
10,165
10,25
10,189
10,73
10,2
10,3
11,7
11,29
11,15
11,2
11,3
9,7
9,2
9,3
8,12
8,7
8,11
8,5
8,13
8,6
8,8
8,2
8,3
35,7
35,6
35,5
35,4
35,3
35,2
35,1
35,0
34,5
34,4
34,3
34,2
34,1
34,0
33,35
33,34
33,33
33,32
33,31
33,30
33,29
33,28
33,27
33,26
33,25
33,24
33,23
33,22
33,21
33,20
33,19
33,18
33,17
33,16
33,15
33,14
33,13
33,12
33,11
33,10
33,9
33,8
33,7
33,6
33,5
33,4
33,3
33,2
33,1
33,0
32,4
32,3
32,2
32,1
32,0
31,8
31,7
31,6
31,5
31,4
31,3
31,2
31,1
31,0
30,5
30,4
30,3
30,2
30,1
30,0
29,4
29,3
29,2
29,1
29,0
28,5
28,4
28,3
28,1
27,3
27,1
26,4
26,3
